class MK():
    def __init__(self):
        # 初始技能水平
        self.efficency = None
        # 学习系数
        self.learning_rate = None
        # 遗忘系数
        self.forgetting_rate = None
        # 工件相似度
        self.delta = None
        # 学习效应极限
        self.theta = 0.75
        # 不可压缩因子
        self.M = 0.8

    def name(self):
        '''返回问题的名字'''
        pass

    def shape(self):
        '''返回问题规模'''
        return f"{self.name()}问题的规模为:{len(self.delta)}*{len(self.efficency)}"

class LF01(MK):
    '''8工件*8设备'''
    def __init__(self):
        super().__init__()
        self.efficency = [[0.89, 0.87, 0.89, 1.15, 0.86, 1.13, 0.98, 0.95],
                          [0.87, 0.9, 0.92, 1.1, 1.03, 0.92, 1.06, 0.89],
                          [0.89, 0.92, 1.1, 0.9, 0.98, 0.97, 0.92, 0.95],
                          [1.15, 1.1, 0.9, 0.97, 0.98, 1.0, 0.88, 1.06],
                          [0.86, 1.03, 0.98, 0.98, 0.93, 0.89, 1.13, 1.03],
                          [1.13, 0.92, 0.97, 1.0, 0.89, 1.13, 0.96, 0.92],
                          [0.98, 1.06, 0.92, 0.88, 1.13, 0.96, 1.01, 0.94],
                          [0.95, 0.89, 0.95, 1.06, 1.03, 0.92, 0.94, 0.92]]
        self.learning_rate = [[-0.16, -0.24, -0.17, -0.27, -0.22, -0.25, -0.23, -0.21],
                              [-0.24, -0.29, -0.24, -0.25, -0.26, -0.17, -0.23, -0.28],
                              [-0.17, -0.24, -0.28, -0.21, -0.16, -0.23, -0.17, -0.24],
                              [-0.27, -0.25, -0.21, -0.27, -0.24, -0.18, -0.21, -0.16],
                              [-0.22, -0.26, -0.16, -0.24, -0.19, -0.28, -0.18, -0.24],
                              [-0.25, -0.17, -0.23, -0.18, -0.28, -0.23, -0.26, -0.22],
                              [-0.23, -0.23, -0.17, -0.21, -0.18, -0.26, -0.17, -0.27],
                              [-0.21, -0.28, -0.24, -0.16, -0.24, -0.22, -0.27, -0.28]]
        self.forgetting_rate = [[0.2, 0.17, 0.17, 0.2, 0.15, 0.16, 0.18, 0.17],
                                [0.17, 0.19, 0.17, 0.21, 0.22, 0.24, 0.21, 0.21],
                                [0.17, 0.17, 0.19, 0.19, 0.19, 0.21, 0.25, 0.16],
                                [0.2, 0.21, 0.19, 0.17, 0.23, 0.18, 0.21, 0.23],
                                [0.15, 0.22, 0.19, 0.23, 0.21, 0.18, 0.2, 0.23],
                                [0.16, 0.24, 0.21, 0.18, 0.18, 0.23, 0.21, 0.22],
                                [0.18, 0.21, 0.25, 0.21, 0.2, 0.21, 0.23, 0.21],
                                [0.17, 0.21, 0.16, 0.23, 0.23, 0.22, 0.21, 0.16]]
        self.delta = [[1.0, 0.7, 0.4, 0.5, 0.7, 0.4, 0.9, 0.8],
                      [0.7, 1.0, 0.4, 0.9, 0.6, 0.8, 0.6, 0.9],
                      [0.4, 0.4, 1.0, 0.8, 0.7, 0.6, 0.4, 1.0],
                      [0.5, 0.9, 0.8, 1.0, 0.6, 0.8, 0.7, 0.6],
                      [0.7, 0.6, 0.7, 0.6, 1.0, 0.7, 0.9, 0.4],
                      [0.4, 0.8, 0.6, 0.8, 0.7, 1.0, 0.9, 0.9],
                      [0.9, 0.6, 0.4, 0.7, 0.9, 0.9, 1.0, 1.0],
                      [0.8, 0.9, 1.0, 0.6, 0.4, 0.9, 1.0, 1.0]]

    def name(self):
        return "LF01"
