class MK():
    def __init__(self):
        # 初始技能水平
        self.efficency = None
        # 学习系数
        self.learning_rate = None
        # 遗忘系数
        self.forgetting_rate = None
        # 工件相似度
        self.delta = None
        # 学习效应极限
        self.theta = 0.75
        # 不可压缩因子
        self.M = 0.8

    def name(self):
        '''返回问题的名字'''
        pass

    def shape(self):
        '''返回问题规模'''
        return f"{self.name()}问题的规模为:{len(self.delta)}*{len(self.efficency)}"


class LF06(MK):
    '''15工件*8设备'''
    def __init__(self):
        super().__init__()
        self.efficency = [[0.91, 0.95, 1.01, 0.9, 1.13, 1.0, 0.87, 0.88],
                          [0.95, 1.14, 0.99, 0.95, 1.09, 0.96, 1.07, 1.05],
                          [1.01, 0.99, 1.01, 1.03, 1.05, 0.91, 0.92, 0.86],
                          [0.9, 0.95, 1.03, 1.04, 0.86, 1.1, 0.87, 0.95],
                          [1.13, 1.09, 1.05, 0.86, 1.1, 1.11, 0.93, 1.1],
                          [1.0, 0.96, 0.91, 1.1, 1.11, 0.88, 1.06, 1.02],
                          [0.87, 1.07, 0.92, 0.87, 0.93, 1.06, 0.98, 1.0],
                          [0.88, 1.05, 0.86, 0.95, 1.1, 1.02, 1.0, 0.9]]
        self.learning_rate = [[-0.18, -0.18, -0.21, -0.21, -0.15, -0.18, -0.17, -0.2],
                              [-0.18, -0.3, -0.25, -0.3, -0.18, -0.26, -0.26, -0.27],
                              [-0.21, -0.25, -0.16, -0.21, -0.25, -0.23, -0.26, -0.22],
                              [-0.21, -0.3, -0.21, -0.16, -0.17, -0.2, -0.3, -0.26],
                              [-0.15, -0.18, -0.25, -0.17, -0.17, -0.26, -0.26, -0.21],
                              [-0.18, -0.26, -0.23, -0.2, -0.26, -0.18, -0.23, -0.15],
                              [-0.17, -0.26, -0.26, -0.3, -0.26, -0.23, -0.3, -0.19],
                              [-0.2, -0.27, -0.22, -0.26, -0.21, -0.15, -0.19, -0.16]]
        self.forgetting_rate = [[0.18, 0.15, 0.17, 0.25, 0.21, 0.2, 0.21, 0.25],
                                [0.15, 0.2, 0.22, 0.17, 0.17, 0.19, 0.2, 0.18],
                                [0.17, 0.22, 0.15, 0.19, 0.22, 0.17, 0.24, 0.17],
                                [0.25, 0.17, 0.19, 0.23, 0.21, 0.24, 0.18, 0.15],
                                [0.21, 0.17, 0.22, 0.21, 0.15, 0.2, 0.2, 0.25],
                                [0.2, 0.19, 0.17, 0.24, 0.2, 0.19, 0.19, 0.18],
                                [0.21, 0.2, 0.24, 0.18, 0.2, 0.19, 0.22, 0.22],
                                [0.25, 0.18, 0.17, 0.15, 0.25, 0.18, 0.22, 0.23]]
        self.delta = [[1.0, 0.5, 0.5, 1.0, 0.9, 0.5, 0.8, 0.9, 0.6, 1.0, 0.9, 0.4, 0.9, 0.7, 0.6],
                      [0.5, 1.0, 0.5, 0.6, 0.7, 0.5, 1.0, 0.8, 1.0, 0.4, 0.7, 0.8, 0.7, 1.0, 0.6],
                      [0.5, 0.5, 1.0, 0.7, 1.0, 0.9, 1.0, 0.5, 0.9, 0.7, 0.4, 0.7, 0.8, 0.7, 0.7],
                      [1.0, 0.6, 0.7, 1.0, 0.6, 0.5, 0.6, 0.7, 0.8, 0.7, 0.9, 0.7, 0.9, 0.7, 0.8],
                      [0.9, 0.7, 1.0, 0.6, 1.0, 0.9, 0.8, 0.6, 0.6, 0.6, 0.6, 0.5, 0.6, 0.4, 0.8],
                      [0.5, 0.5, 0.9, 0.5, 0.9, 1.0, 0.9, 0.6, 0.7, 0.5, 0.7, 0.8, 0.5, 0.5, 0.9],
                      [0.8, 1.0, 1.0, 0.6, 0.8, 0.9, 1.0, 0.9, 0.9, 0.5, 0.8, 0.5, 0.7, 0.7, 0.8],
                      [0.9, 0.8, 0.5, 0.7, 0.6, 0.6, 0.9, 1.0, 0.4, 0.7, 0.5, 0.8, 0.6, 0.5, 0.6],
                      [0.6, 1.0, 0.9, 0.8, 0.6, 0.7, 0.9, 0.4, 1.0, 0.9, 0.7, 0.9, 0.7, 1.0, 0.5],
                      [1.0, 0.4, 0.7, 0.7, 0.6, 0.5, 0.5, 0.7, 0.9, 1.0, 0.9, 0.6, 0.6, 0.9, 0.6],
                      [0.9, 0.7, 0.4, 0.9, 0.6, 0.7, 0.8, 0.5, 0.7, 0.9, 1.0, 0.7, 0.4, 0.7, 0.7],
                      [0.4, 0.8, 0.7, 0.7, 0.5, 0.8, 0.5, 0.8, 0.9, 0.6, 0.7, 1.0, 0.7, 0.5, 0.9],
                      [0.9, 0.7, 0.8, 0.9, 0.6, 0.5, 0.7, 0.6, 0.7, 0.6, 0.4, 0.7, 1.0, 0.6, 0.6],
                      [0.7, 1.0, 0.7, 0.7, 0.4, 0.5, 0.7, 0.5, 1.0, 0.9, 0.7, 0.5, 0.6, 1.0, 0.9],
                      [0.6, 0.6, 0.7, 0.8, 0.8, 0.9, 0.8, 0.6, 0.5, 0.6, 0.7, 0.9, 0.6, 0.9, 1.0]]

    def name(self):
        return "LF06"
