class MK():
    def __init__(self):
        # 初始技能水平
        self.efficency = None
        # 学习系数
        self.learning_rate = None
        # 遗忘系数
        self.forgetting_rate = None
        # 工件相似度
        self.delta = None
        # 学习效应极限
        self.theta = 0.75
        # 不可压缩因子
        self.M = 0.8

    def name(self):
        '''返回问题的名字'''
        pass

    def shape(self):
        '''返回问题规模'''
        return f"{self.name()}问题的规模为:{len(self.delta)}*{len(self.efficency)}"


class LF05(MK):
    '''15工件*8设备'''
    def __init__(self):
        super().__init__()
        self.efficency = [[0.87, 1.1, 0.94, 0.85, 0.94, 1.11, 0.86, 1.07],
                          [1.1, 0.9, 1.06, 0.93, 1.05, 0.94, 1.08, 0.89],
                          [0.94, 1.06, 1.13, 0.89, 1.15, 0.99, 1.08, 0.89],
                          [0.85, 0.93, 0.89, 1.06, 0.99, 0.85, 1.04, 1.07],
                          [0.94, 1.05, 1.15, 0.99, 0.96, 1.02, 0.92, 1.08],
                          [1.11, 0.94, 0.99, 0.85, 1.02, 0.89, 0.93, 1.05],
                          [0.86, 1.08, 1.08, 1.04, 0.92, 0.93, 0.93, 0.96],
                          [1.07, 0.89, 0.89, 1.07, 1.08, 1.05, 0.96, 0.87]]
        self.learning_rate = [[-0.19, -0.22, -0.18, -0.29, -0.22, -0.26, -0.19, -0.28],
                              [-0.22, -0.27, -0.23, -0.18, -0.22, -0.3, -0.18, -0.26],
                              [-0.18, -0.23, -0.17, -0.27, -0.25, -0.22, -0.18, -0.16],
                              [-0.29, -0.18, -0.27, -0.25, -0.22, -0.23, -0.18, -0.24],
                              [-0.22, -0.22, -0.25, -0.22, -0.2, -0.3, -0.22, -0.17],
                              [-0.26, -0.3, -0.22, -0.23, -0.3, -0.26, -0.19, -0.18],
                              [-0.19, -0.18, -0.18, -0.18, -0.22, -0.19, -0.23, -0.24],
                              [-0.28, -0.26, -0.16, -0.24, -0.17, -0.18, -0.24, -0.19]]
        self.forgetting_rate = [[0.22, 0.16, 0.24, 0.17, 0.17, 0.2, 0.16, 0.16],
                                [0.16, 0.16, 0.21, 0.15, 0.18, 0.19, 0.18, 0.23],
                                [0.24, 0.21, 0.25, 0.18, 0.19, 0.21, 0.22, 0.21],
                                [0.17, 0.15, 0.18, 0.24, 0.21, 0.15, 0.25, 0.16],
                                [0.17, 0.18, 0.19, 0.21, 0.2, 0.22, 0.21, 0.21],
                                [0.2, 0.19, 0.21, 0.15, 0.22, 0.19, 0.19, 0.2],
                                [0.16, 0.18, 0.22, 0.25, 0.21, 0.19, 0.21, 0.23],
                                [0.16, 0.23, 0.21, 0.16, 0.21, 0.2, 0.23, 0.2]]
        self.delta = [[1.0, 0.8, 0.9, 0.5, 0.8, 0.9, 0.8, 0.9, 0.8, 0.8, 0.4, 0.9, 0.7, 0.7, 0.9],
                      [0.8, 1.0, 0.4, 0.6, 0.9, 0.9, 0.8, 0.7, 0.8, 0.9, 0.5, 1.0, 0.4, 0.4, 0.5],
                      [0.9, 0.4, 1.0, 0.7, 0.5, 0.7, 0.5, 0.6, 0.6, 0.5, 0.4, 0.8, 0.8, 0.5, 0.6],
                      [0.5, 0.6, 0.7, 1.0, 0.5, 0.4, 0.4, 0.8, 0.7, 0.7, 0.5, 0.8, 0.4, 0.5, 1.0],
                      [0.8, 0.9, 0.5, 0.5, 1.0, 0.7, 0.7, 0.5, 0.7, 0.9, 0.6, 0.5, 0.8, 0.6, 0.5],
                      [0.9, 0.9, 0.7, 0.4, 0.7, 1.0, 0.8, 0.5, 0.9, 0.4, 0.8, 0.6, 1.0, 0.4, 0.4],
                      [0.8, 0.8, 0.5, 0.4, 0.7, 0.8, 1.0, 0.8, 0.6, 0.7, 0.7, 0.7, 1.0, 0.8, 0.9],
                      [0.9, 0.7, 0.6, 0.8, 0.5, 0.5, 0.8, 1.0, 0.8, 0.6, 0.5, 0.6, 0.9, 0.5, 0.5],
                      [0.8, 0.8, 0.6, 0.7, 0.7, 0.9, 0.6, 0.8, 1.0, 0.6, 0.8, 0.7, 0.5, 0.4, 0.6],
                      [0.8, 0.9, 0.5, 0.7, 0.9, 0.4, 0.7, 0.6, 0.6, 1.0, 0.6, 0.7, 0.9, 0.5, 1.0],
                      [0.4, 0.5, 0.4, 0.5, 0.6, 0.8, 0.7, 0.5, 0.8, 0.6, 1.0, 0.4, 0.5, 0.6, 0.7],
                      [0.9, 1.0, 0.8, 0.8, 0.5, 0.6, 0.7, 0.6, 0.7, 0.7, 0.4, 1.0, 0.7, 0.4, 0.9],
                      [0.7, 0.4, 0.8, 0.4, 0.8, 1.0, 1.0, 0.9, 0.5, 0.9, 0.5, 0.7, 1.0, 0.7, 0.9],
                      [0.7, 0.4, 0.5, 0.5, 0.6, 0.4, 0.8, 0.5, 0.4, 0.5, 0.6, 0.4, 0.7, 1.0, 0.9],
                      [0.9, 0.5, 0.6, 1.0, 0.5, 0.4, 0.9, 0.5, 0.6, 1.0, 0.7, 0.9, 0.9, 0.9, 1.0]]

    def name(self):
        return "LF05"
