class MK():
    def __init__(self):
        # 初始技能水平
        self.efficency = None
        # 学习系数
        self.learning_rate = None
        # 遗忘系数
        self.forgetting_rate = None
        # 工件相似度
        self.delta = None
        # 学习效应极限
        self.theta = 0.75
        # 不可压缩因子
        self.M = 0.8

    def name(self):
        '''返回问题的名字'''
        pass

    def shape(self):
        '''返回问题规模'''
        return f"{self.name()}问题的规模为:{len(self.delta)}*{len(self.efficency)}"

class LF03(MK):
    '''10工件*6设备'''
    def __init__(self):
        super().__init__()
        self.efficency = [[1.1, 1.03, 1.0, 0.92, 1.1, 1.06],
                          [1.03, 1.14, 0.9, 1.14, 1.03, 0.92],
                          [1.0, 0.9, 1.01, 1.09, 0.95, 1.03],
                          [0.92, 1.14, 1.09, 0.88, 1.08, 1.11],
                          [1.1, 1.03, 0.95, 1.08, 0.9, 1.07],
                          [1.06, 0.92, 1.03, 1.11, 1.07, 1.04]]
        self.learning_rate = [[-0.17, -0.22, -0.2, -0.29, -0.25, -0.23],
                              [-0.22, -0.27, -0.28, -0.18, -0.22, -0.27],
                              [-0.2, -0.28, -0.17, -0.2, -0.26, -0.28],
                              [-0.29, -0.18, -0.2, -0.2, -0.3, -0.19],
                              [-0.25, -0.22, -0.26, -0.3, -0.23, -0.25],
                              [-0.23, -0.27, -0.28, -0.19, -0.25, -0.21]]
        self.forgetting_rate = [[0.17, 0.19, 0.21, 0.17, 0.16, 0.22],
                                [0.19, 0.16, 0.23, 0.22, 0.17, 0.21],
                                [0.21, 0.23, 0.23, 0.23, 0.17, 0.15],
                                [0.17, 0.22, 0.23, 0.21, 0.24, 0.16],
                                [0.16, 0.17, 0.17, 0.24, 0.22, 0.24],
                                [0.22, 0.21, 0.15, 0.16, 0.24, 0.18]]
        self.delta = [[1.0, 0.8, 0.6, 0.8, 1.0, 1.0, 0.7, 0.5, 0.7, 0.4],
                      [0.8, 1.0, 0.8, 0.6, 0.9, 0.4, 0.8, 0.7, 0.6, 0.6],
                      [0.6, 0.8, 1.0, 0.8, 0.8, 0.5, 0.7, 0.4, 0.6, 1.0],
                      [0.8, 0.6, 0.8, 1.0, 1.0, 0.9, 0.7, 1.0, 0.8, 0.6],
                      [1.0, 0.9, 0.8, 1.0, 1.0, 0.7, 0.8, 0.7, 0.8, 0.8],
                      [1.0, 0.4, 0.5, 0.9, 0.7, 1.0, 0.9, 1.0, 0.4, 0.8],
                      [0.7, 0.8, 0.7, 0.7, 0.8, 0.9, 1.0, 0.7, 0.8, 0.6],
                      [0.5, 0.7, 0.4, 1.0, 0.7, 1.0, 0.7, 1.0, 1.0, 0.5],
                      [0.7, 0.6, 0.6, 0.8, 0.8, 0.4, 0.8, 1.0, 1.0, 1.0],
                      [0.4, 0.6, 1.0, 0.6, 0.8, 0.8, 0.6, 0.5, 1.0, 1.0]]

    def name(self):
        return "LF03"
